0.1 0.1007874 0.1015748 0.1023622 0.10314961 0.10393701 0.10472441 0.10551181
0.10629921 0.10708661 0.10787402 0.10866142 0.10944882 0.11023622 0.11102362 0.11181102
0.11259843 0.11338583 0.11417323 0.11496063 0.11574803 0.11653543 0.11732283 0.11811024
0.11889764 0.11968504 0.12047244 0.12125984 0.12204724 0.12283465 0.12362205 0.12440945
0.12519685 0.12598425 0.12677165 0.12755906 0.12834646 0.12913386 0.12992126 0.13070866
0.13149606 0.13228346 0.13307087 0.13385827 0.13464567 0.13543307 0.13622047 0.13700787
0.13779528 0.13858268 0.13937008 0.14015748 0.14094488 0.14173228 0.14251969 0.14330709
0.14409449 0.14488189 0.14566929 0.14645669 0.14724409 0.1480315 0.1488189 0.1496063
0.1503937 0.1511811 0.1519685 0.15275591 0.15354331 0.15433071 0.15511811 0.15590551
0.15669291 0.15748031 0.15826772 0.15905512 0.15984252 0.16062992 0.16141732 0.16220472
0.16299213 0.16377953 0.16456693 0.16535433 0.16614173 0.16692913 0.16771654 0.16850394
0.16929134 0.17007874 0.17086614 0.17165354 0.17244094 0.17322835 0.17401575 0.17480315
0.17559055 0.17637795 0.17716535 0.17795276 0.17874016 0.17952756 0.18031496 0.18110236
0.18188976 0.18267717 0.18346457 0.18425197 0.18503937 0.18582677 0.18661417 0.18740157
0.18818898 0.18897638 0.18976378 0.19055118 0.19133858 0.19212598 0.19291339 0.19370079
0.19448819 0.19527559 0.19606299 0.19685039 0.1976378 0.1984252 0.1992126 0.2
