0.1 0.10431373 0.10862745 0.11294118 0.1172549 0.12156863 0.12588235 0.13019608
0.1345098 0.13882353 0.14313725 0.14745098 0.15176471 0.15607843 0.16039216 0.16470588
0.16901961 0.17333333 0.17764706 0.18196078 0.18627451 0.19058824 0.19490196 0.19921569
0.20352941 0.20784314 0.21215686 0.21647059 0.22078431 0.22509804 0.22941176 0.23372549
0.23803922 0.24235294 0.24666667 0.25098039 0.25529412 0.25960784 0.26392157 0.26823529
0.27254902 0.27686275 0.28117647 0.2854902 0.28980392 0.29411765 0.29843137 0.3027451
0.30705882 0.31137255 0.31568627 0.32 0.32431373 0.32862745 0.33294118 0.3372549
0.34156863 0.34588235 0.35019608 0.3545098 0.35882353 0.36313725 0.36745098 0.37176471
0.37607843 0.38039216 0.38470588 0.38901961 0.39333333 0.39764706 0.40196078 0.40627451
0.41058824 0.41490196 0.41921569 0.42352941 0.42784314 0.43215686 0.43647059 0.44078431
0.44509804 0.44941176 0.45372549 0.45803922 0.46235294 0.46666667 0.47098039 0.47529412
0.47960784 0.48392157 0.48823529 0.49254902 0.49686275 0.50117647 0.5054902 0.50980392
0.51411765 0.51843137 0.5227451 0.52705882 0.53137255 0.53568627 0.54 0.54431373
0.54862745 0.55294118 0.5572549 0.56156863 0.56588235 0.57019608 0.5745098 0.57882353
0.58313725 0.58745098 0.59176471 0.59607843 0.60039216 0.60470588 0.60901961 0.61333333
0.61764706 0.62196078 0.62627451 0.63058824 0.63490196 0.63921569 0.64352941 0.64784314
0.65215686 0.65647059 0.66078431 0.66509804 0.66941176 0.67372549 0.67803922 0.68235294
0.68666667 0.69098039 0.69529412 0.69960784 0.70392157 0.70823529 0.71254902 0.71686275
0.72117647 0.7254902 0.72980392 0.73411765 0.73843137 0.7427451 0.74705882 0.75137255
0.75568627 0.76 0.76431373 0.76862745 0.77294118 0.7772549 0.78156863 0.78588235
0.79019608 0.7945098 0.79882353 0.80313725 0.80745098 0.81176471 0.81607843 0.82039216
0.82470588 0.82901961 0.83333333 0.83764706 0.84196078 0.84627451 0.85058824 0.85490196
0.85921569 0.86352941 0.86784314 0.87215686 0.87647059 0.88078431 0.88509804 0.88941176